{
  "advancedEditorSelectedIdentifier" : "ProjectBrowser",
  "openSceneRelativePaths" : [
    "Untitled Scene.usda"
  ],
  "recentIdentifiers" : {
    "3EBB0155-FDDF-446F-A145-9E2B1D93A4CB" : [

    ]
  },
  "sceneCameraHistory" : {
    "3EBB0155-FDDF-446F-A145-9E2B1D93A4CB" : [
      {
        "date" : 771522085.095265,
        "title" : "Untitled",
        "transform" : [
          -0.029638492,
          1.6535588e-09,
          -0.9995608,
          0,
          -0.54404265,
          0.83890253,
          0.01613169,
          0,
          0.838534,
          0.5442818,
          -0.024863802,
          0,
          4.3990607,
          1.9207371,
          -1.3728749,
          1
        ]
      },
      {
        "date" : 771515011.158866,
        "title" : "Untitled",
        "transform" : [
          -0.05014392,
          -1.6968164e-08,
          -0.9987419,
          0,
          -0.543597,
          0.8389025,
          0.027292432,
          0,
          0.8378471,
          0.5442818,
          -0.042066205,
          0,
          4.3699617,
          1.9207371,
          -1.4628592,
          1
        ]
      },
      {
        "date" : 771491492.609393,
        "title" : "Untitled",
        "transform" : [
          -0.05014392,
          -1.6968164e-08,
          -0.9987419,
          0,
          -0.543597,
          0.8389025,
          0.027292432,
          0,
          0.8378471,
          0.5442818,
          -0.042066205,
          0,
          4.3699617,
          1.9207371,
          -1.4628592,
          1
        ]
      },
      {
        "date" : 771490988.461193,
        "title" : "Untitled",
        "transform" : [
          0.3007495,
          -1.762421e-08,
          -0.9537031,
          0,
          -0.39651984,
          0.9094705,
          -0.1250422,
          0,
          0.8673649,
          0.41576862,
          0.27352247,
          0,
          5.0384636,
          1.3205523,
          0.07912052,
          1
        ]
      },
      {
        "date" : 771490918.562759,
        "title" : "Untitled",
        "transform" : [
          -0.99887526,
          -8.961896e-09,
          -0.04741411,
          0,
          -0.011265903,
          0.9713615,
          0.23733963,
          0,
          0.046056043,
          0.23760687,
          -0.9702689,
          0,
          -1.0569117,
          0.5081192,
          -3.9538174,
          1
        ]
      },
      {
        "date" : 771490899.271623,
        "title" : "Untitled",
        "transform" : [
          -0.633304,
          -9.530242e-09,
          -0.773903,
          0,
          -0.2754048,
          0.93453753,
          0.22537059,
          0,
          0.72324127,
          0.35586473,
          -0.59184647,
          0,
          1.9930742,
          0.98918164,
          -3.0011847,
          1
        ]
      },
      {
        "date" : 771490872.936409,
        "title" : "Untitled",
        "transform" : [
          -0.22108828,
          -9.0730214e-09,
          -0.97525376,
          0,
          -0.5071454,
          0.85415787,
          0.11496896,
          0,
          0.8330206,
          0.52001375,
          -0.18884446,
          0,
          2.8328724,
          1.6697599,
          -1.5181805,
          1
        ]
      },
      {
        "date" : 771490869.999495,
        "title" : "Untitled",
        "transform" : [
          0.9707446,
          -6.263618e-09,
          -0.2401142,
          0,
          -0.060202096,
          0.9680589,
          -0.24338774,
          0,
          0.23244484,
          0.25072277,
          0.9397379,
          0,
          1.1586758,
          0.73415005,
          2.6572852,
          1
        ]
      },
      {
        "date" : 771490860.73156,
        "title" : "Untitled",
        "transform" : [
          0.62932485,
          1.4616832e-09,
          -0.77714235,
          0,
          -0.45223978,
          0.8132413,
          -0.36622083,
          0,
          0.6320044,
          0.5819266,
          0.51179284,
          0,
          2.1736934,
          1.7122816,
          1.13394,
          1
        ]
      },
      {
        "date" : 771490585.228903,
        "title" : "Untitled",
        "transform" : [
          0.93877137,
          1.0973578e-09,
          -0.34454042,
          0,
          -0.10886351,
          0.94877005,
          -0.296621,
          0,
          0.32688978,
          0.3159672,
          0.89067817,
          0,
          1.6832559,
          1.0196438,
          2.5458996,
          1
        ]
      }
    ]
  },
  "sceneViewportBackgroundColors" : {

  },
  "selectedSceneRelativePath" : "Untitled Scene.usda"
}